lat_max: 84.19651717518735
lat_min: 54.6788686004591
lon_max: 46.061380183610936
lon_min: -42.79331743281518
